R 
R 
R 
R 
R 
R 
R 
R 
R 
R 
R 
R 
(0, 0, 0) 
(0, 0, 0) 
(0, 0, 0) 
(0, 0, 0) 
(0, 0, 0) 
(0, 0, 0) 
(0, 0, 0) 
(0, 0, 0) 
(0, 0, 0) 
R 
R 
(0, 0, 0) 
(255, 242, 0) 
(255, 242, 0) 
(255, 242, 0) 
(255, 242, 0) 
(255, 242, 0) 
(255, 242, 0) 
(255, 242, 0) 
(0, 0, 0) 
R 
R 
(0, 0, 0) 
(255, 242, 0) 
(0, 0, 0) 
(255, 242, 0) 
(255, 242, 0) 
(255, 242, 0) 
(0, 0, 0) 
(255, 242, 0) 
(0, 0, 0) 
R 
R 
(0, 0, 0) 
(255, 242, 0) 
(255, 242, 0) 
(255, 242, 0) 
(255, 242, 0) 
(255, 242, 0) 
(255, 242, 0) 
(255, 242, 0) 
(0, 0, 0) 
R 
R 
(0, 0, 0) 
(255, 242, 0) 
(255, 242, 0) 
(255, 242, 0) 
(0, 0, 0) 
(255, 242, 0) 
(255, 242, 0) 
(255, 242, 0) 
(0, 0, 0) 
R 
R 
(0, 0, 0) 
(255, 242, 0) 
(0, 0, 0) 
(255, 242, 0) 
(255, 242, 0) 
(255, 242, 0) 
(0, 0, 0) 
(255, 242, 0) 
(0, 0, 0) 
R 
R 
(0, 0, 0) 
(255, 242, 0) 
(0, 0, 0) 
(0, 0, 0) 
(0, 0, 0) 
(0, 0, 0) 
(0, 0, 0) 
(255, 242, 0) 
(0, 0, 0) 
R 
R 
(0, 0, 0) 
(255, 242, 0) 
(255, 242, 0) 
(255, 242, 0) 
(255, 242, 0) 
(255, 242, 0) 
(255, 242, 0) 
(255, 242, 0) 
(0, 0, 0) 
R 
R 
(0, 0, 0) 
(0, 0, 0) 
(0, 0, 0) 
(0, 0, 0) 
(0, 0, 0) 
(0, 0, 0) 
(0, 0, 0) 
(0, 0, 0) 
(0, 0, 0) 
R 
R 
R 
R 
R 
R 
R 
R 
R 
R 
R 
R 
